"RRTMLR" "RRTridge" "RRTlasso" "RRTPCR" "RRTPLS" "RRTSVM"
"BDE-1" 0.136625982240618 0.138512916214691 0.458583333333333 0.13785394438763 0.135764836065245 0.143182644499833
"BDE-2" 0.136654790396434 0.143317209399394 0.458583333333333 0.142747574989492 0.136104192662567 0.147040414217151
"BDE-3" 0.153819227362933 0.145955687582298 0.458583333333333 0.14647514939943 0.135510069283186 0.149160686696266
"BDE-4" 0.213559190552621 0.216893594019659 0.458583333333333 0.216672452451682 0.213803970705307 0.229054985513468
"BDE-5" 0.222750077013406 0.241687589288611 0.458583333333333 0.23953376372047 0.232312649379796 0.242223409418066
"BDE-6" 0.214135799888218 0.224852420432314 0.458583333333333 0.219121013953435 0.227214080321636 0.2251986396242
"BDE-7" 0.222048483596179 0.227507373610512 0.458583333333333 0.220728228543812 0.228669990674104 0.226247077679163
"BDE-8" 0.231848038034499 0.235874738762252 0.458583333333333 0.237133875253572 0.228431817743444 0.23761103863033
"BDE-9" 0.208536054494892 0.223429699296261 0.458583333333333 0.211289988280668 0.226888355606868 0.224855653057514
"BDE-10" 0.207959445159295 0.209007131969211 0.458583333333333 0.199098041581072 0.224925151170563 0.212081129340037
"BDE-11" 0.214347208437294 0.23317239243453 0.458583333333333 0.228098353469367 0.230293873922668 0.233973551800149
"BDE-12" 0.236717381854783 0.246507644029923 0.458583333333333 0.234134725260084 0.23092854707825 0.246581119386919
"BDE-13" 0.231755112594808 0.239116683612429 0.458583333333333 0.235512251806628 0.227337533626923 0.237891241727231
"BDE-14" 0.204547653998974 0.222351714995465 0.458583333333333 0.214523200644319 0.229732572162694 0.218737086978533
"BDE-15" 0.2487978159658 0.239764107370681 0.458583333333333 0.2432025443368 0.226065068538388 0.241743765284922
"BDE-16" 0.314397987799415 0.313910967578764 0.458583333333333 0.321998805717975 0.303545400492841 0.31963229378332
"BDE-17" 0.314122461966463 0.306815199613738 0.458583333333333 0.302546707666358 0.302864969440831 0.314573029927346
"BDE-18" 0.299697030898874 0.301757634514099 0.458583333333333 0.294474359795368 0.30006211006153 0.308526744843427
"BDE-19" 0.298755220776755 0.292058163152342 0.458583333333333 0.288118578044854 0.296519858253264 0.30036637144791
"BDE-20" 0.315218064326027 0.324851723156691 0.458583333333333 0.327995832009951 0.319457608318567 0.323691802467457
"BDE-21" 0.330162488417584 0.338581403563398 0.458583333333333 0.325317758732276 0.324178872257567 0.338147772847115
"BDE-22" 0.333112902865569 0.332943560673651 0.458583333333333 0.337935951777817 0.318128597939895 0.330653957806493
"BDE-23" 0.301096967247205 0.313710879841079 0.458583333333333 0.303406400155207 0.318693727908101 0.312735237879178
"BDE-24" 0.30417236577682 0.303285850485492 0.458583333333333 0.297948548938961 0.314119510285668 0.304084216452691
"BDE-25" 0.314577337706554 0.315258469972799 0.458583333333333 0.310715407370069 0.312389267709042 0.308398915812624
"BDE-26" 0.300395373829978 0.309897366686311 0.458583333333333 0.304935641249046 0.315506311574264 0.311433777928024
"BDE-27" 0.29981876449438 0.289936603668758 0.458583333333333 0.281069930072786 0.309161395013184 0.291493541719967
"BDE-28" 0.332228709055081 0.32113806651719 0.458583333333333 0.319443847970573 0.315606702325314 0.317930092969246
"BDE-29" 0.315644131910302 0.319306938754263 0.458583333333333 0.304730480698556 0.321675604615614 0.31627912744554
"BDE-30" 0.300123098483148 0.289972041246416 0.458583333333333 0.274785875212894 0.31185730183 0.288824431484109
"BDE-31" 0.31829021236952 0.316210874089077 0.458583333333333 0.313704965767742 0.313916357789268 0.31519810175321
"BDE-32" 0.318017937022691 0.303863658966309 0.458583333333333 0.301692854403362 0.313364396488666 0.306555500531355
"BDE-33" 0.329643495393618 0.330572582781086 0.458583333333333 0.318930825521951 0.315226334111185 0.331839940172868
"BDE-34" 0.296621632369258 0.305250989163184 0.458583333333333 0.295391596358572 0.312775223540537 0.301912063283222
"BDE-35" 0.32979403714494 0.332128543279268 0.458583333333333 0.328394037716501 0.319132346023996 0.331530192202158
"BDE-36" 0.297015641311595 0.312492025563878 0.458583333333333 0.309938418540673 0.316510219179809 0.309618934780179
"BDE-37" 0.347201941302454 0.336992465031283 0.458583333333333 0.339357654722128 0.315805536012214 0.333992488749801
"BDE-38" 0.326965356292461 0.333964617501537 0.458583333333333 0.3250116729742 0.321855686994872 0.332119683545885
"BDE-39" 0.314667012660123 0.31300384688315 0.458583333333333 0.317195601866534 0.314741328293258 0.304601018150363
"BDE-40" 0.407708201311699 0.411101696043895 0.458583333333333 0.429202715234403 0.396215822289385 0.41572039905071
"BDE-41" 0.414525282660095 0.416872550550094 0.458583333333333 0.414316378030513 0.402426958196073 0.419137088605711
"BDE-42" 0.4074935422765 0.39633194151153 0.458583333333333 0.41166121969146 0.387902881992169 0.399278054492769
"BDE-43" 0.384364159130153 0.383586047990841 0.458583333333333 0.38405725527724 0.386143076830706 0.385969430873732
"BDE-44" 0.392581176826881 0.401592289799876 0.458583333333333 0.400879122684667 0.394618988031164 0.403818272133878
"BDE-45" 0.386770022884479 0.378734851497544 0.458583333333333 0.382822479377058 0.382591928441509 0.385048057138637
"BDE-46" 0.391578499907009 0.383587966116561 0.458583333333333 0.388638167837244 0.382624542287135 0.39043875921603
"BDE-47" 0.406974549252534 0.393378323889583 0.458583333333333 0.399806694745361 0.395784229699556 0.392742550602618
"BDE-48" 0.399580858568539 0.390986841030215 0.458583333333333 0.386458167376532 0.385268871678631 0.397360882933057
"BDE-49" 0.392305650993929 0.384384561837348 0.458583333333333 0.379022639688898 0.383361012073882 0.387537962376339
"BDE-50" 0.383390290366096 0.37155946748997 0.458583333333333 0.366411027079035 0.382247169146272 0.377842447053517
"BDE-51" 0.391607308062825 0.376338642930243 0.458583333333333 0.378260476032874 0.380870051001292 0.382102290499263
"BDE-52" 0.377454152342065 0.379468062122471 0.458583333333333 0.375319095128049 0.380136132844387 0.386239394483806
"BDE-53" 0.376451475422192 0.368858610105757 0.458583333333333 0.362761114261245 0.376327307015615 0.374155295196323
"BDE-54" 0.375144464513553 0.35758602908601 0.458583333333333 0.354806291607902 0.373340922870952 0.3680269167328
"BDE-55" 0.415162758793447 0.420197316644997 0.458583333333333 0.417242691655101 0.404141369312488 0.419425868204377
"BDE-56" 0.423501510085682 0.418397019517702 0.458583333333333 0.430258452300225 0.396096436263635 0.41697083455063
"BDE-57" 0.385245102454518 0.397281220354851 0.458583333333333 0.393247675735537 0.401598938307497 0.39394684139235
"BDE-58" 0.389992712679295 0.401131334406487 0.458583333333333 0.404266717512781 0.398811907255076 0.394990568188779
"BDE-59" 0.388016166995366 0.385716005780848 0.458583333333333 0.383583315847778 0.3934409068008 0.383431998309387
"BDE-60" 0.433118464130742 0.424761024445974 0.458583333333333 0.431650482823847 0.404390561370905 0.422844969701054
"BDE-61" 0.409290738053291 0.413873983775756 0.458583333333333 0.408082965391513 0.40548530811511 0.414971205845686
"BDE-62" 0.396934778109321 0.390931542995313 0.458583333333333 0.378874979909366 0.398748082361025 0.390950203090318
"BDE-63" 0.403383408185075 0.400504099572276 0.458583333333333 0.401737879335635 0.40071244322834 0.392979264206946
"BDE-64" 0.406337073119182 0.393930209407239 0.458583333333333 0.404424901529284 0.397672897422906 0.393601377005509
"BDE-65" 0.385370086536148 0.380712225870548 0.458583333333333 0.377329152066893 0.394470308895651 0.384197388062888
"BDE-66" 0.422739049870702 0.409328610261531 0.458583333333333 0.405894655111947 0.395673459404056 0.403630759929594
"BDE-67" 0.40021833470189 0.400140836303866 0.458583333333333 0.393463731526341 0.40410446006053 0.397743382607089
"BDE-68" 0.389473719655329 0.385236360730488 0.458583333333333 0.385376005074184 0.394140291264525 0.37564533567648
"BDE-69" 0.384271233690461 0.372918108109569 0.458583333333333 0.366140290524163 0.390735614155142 0.366595376624088
"BDE-70" 0.408252752005358 0.402039342303051 0.458583333333333 0.402374887265049 0.399452245649399 0.403261422742372
"BDE-71" 0.407858743063021 0.39105022001353 0.458583333333333 0.388593372969204 0.392500113835308 0.393172034336571
"BDE-72" 0.374804821396725 0.384600234073481 0.458583333333333 0.379113381370527 0.395344892534907 0.381927683472265
"BDE-73" 0.374106478465619 0.365090855204235 0.458583333333333 0.36704134335397 0.388137153352581 0.364635528246895
"BDE-74" 0.418052306443679 0.404372939347484 0.458583333333333 0.403572656640395 0.400854521647777 0.399851397787803
"BDE-75" 0.402409539421018 0.380093802404188 0.458583333333333 0.378809798792986 0.395145608490448 0.377259537005113
"BDE-76" 0.411936818512509 0.411093159000596 0.458583333333333 0.407026580109415 0.398967826001524 0.410892902973668
"BDE-77" 0.438260083297855 0.423357174780271 0.458583333333333 0.42833114030616 0.399791222194589 0.420663134705793
"BDE-78" 0.412330827454845 0.416986681064848 0.458583333333333 0.415097683749731 0.406254289427784 0.415647630281429
"BDE-79" 0.405177353475743 0.408135216393285 0.458583333333333 0.408480265091212 0.40439245308073 0.402985228925915
"BDE-80" 0.37191202326037 0.387573158805933 0.458583333333333 0.385074437540432 0.4010570726693 0.389806535750287
"BDE-81" 0.430043065601127 0.419180851000603 0.458583333333333 0.42569674262275 0.401344940021576 0.411844664743842
"BDE-82" 0.489318791785177 0.489940456452849 0.458583333333333 0.513144161274716 0.471042113239465 0.499687861390183
"BDE-83" 0.458488133479946 0.470347882351523 0.458583333333333 0.485549191352278 0.467281515222543 0.47615265187051
"BDE-84" 0.460589663245504 0.464915432900919 0.458583333333333 0.472878205071314 0.46464256756032 0.47243423155426
"BDE-85" 0.488982399154472 0.484239405872727 0.458583333333333 0.499389873457248 0.471172481989958 0.487767678268084
"BDE-86" 0.474223825942298 0.490256679557214 0.458583333333333 0.48888407912019 0.481097225170309 0.495398477510411
"BDE-87" 0.473826566513839 0.481688509806736 0.458583333333333 0.486992165123696 0.478545378015124 0.480592362511991
"BDE-88" 0.461015730829779 0.466051881799317 0.458583333333333 0.461841186759443 0.473829950449563 0.466893622640911
"BDE-89" 0.472945623189473 0.473577479009972 0.458583333333333 0.485574131392168 0.471570165529612 0.479108634769724
"BDE-90" 0.458273474444747 0.462354085530385 0.458583333333333 0.470461607904465 0.465698577903349 0.461604795112922
"BDE-91" 0.46061847140132 0.458356592656689 0.458583333333333 0.465711680858407 0.4636114916154 0.461455189637696
"BDE-92" 0.442995908208608 0.459411315250748 0.458583333333333 0.459248966536876 0.463978278399087 0.460617364495565
"BDE-93" 0.448538037290302 0.459385087637542 0.458583333333333 0.463825753568147 0.470795626678793 0.462386230754263
"BDE-94" 0.441932364490981 0.44969938235663 0.458583333333333 0.447419127902604 0.460049262366918 0.453038528864135
"BDE-95" 0.44515830477192 0.45487619374551 0.458583333333333 0.450878084141606 0.456383306797837 0.457756581348996
"BDE-96" 0.443790427065526 0.445112815282276 0.458583333333333 0.45579979512033 0.453497109698922 0.4503792088445
"BDE-97" 0.474009166907099 0.474807526568336 0.458583333333333 0.487660907704585 0.464908602632107 0.479442070622309
"BDE-98" 0.457453397918136 0.460513048683577 0.458583333333333 0.462479210732382 0.465195403592232 0.463457548349321
"BDE-99" 0.47361190747864 0.471917918273821 0.458583333333333 0.472262470923958 0.472043042679456 0.474352184036154
"BDE-100" 0.457299605680691 0.450051022833305 0.458583333333333 0.453759044213774 0.46199916189778 0.453666335341971
"BDE-101" 0.458516941635761 0.460102808665377 0.458583333333333 0.460214047784519 0.458171055638825 0.464781445980782
"BDE-102" 0.457696865109149 0.455454414195987 0.458583333333333 0.449450604070561 0.45849014637258 0.46147945775981
"BDE-103" 0.441961172646797 0.444241194125628 0.458583333333333 0.432477541200133 0.458080364002679 0.446746820005763
"BDE-104" 0.440897628929171 0.436280145794284 0.458583333333333 0.431714458687549 0.456822207856985 0.443056706561581
"BDE-105" 0.505172967356914 0.500229329913911 0.458583333333333 0.506198561502876 0.480325902780248 0.498080159389391
"BDE-106" 0.475104769266663 0.474832184254808 0.458583333333333 0.47245623503347 0.463165741218989 0.487451313756938
"BDE-107" 0.474707509838204 0.485565817797311 0.458583333333333 0.489677304685428 0.482374094684006 0.482705886956601
"BDE-108" 0.471420702759513 0.485710435289883 0.458583333333333 0.46933916752604 0.479436571429895 0.475573918205364
"BDE-109" 0.462079274547405 0.467810362380624 0.458583333333333 0.457879076771216 0.475117818389027 0.462236505272644
"BDE-110" 0.477295973985791 0.472604425855352 0.458583333333333 0.48219354882064 0.470736118289977 0.474306558940523
"BDE-111" 0.440772644847542 0.467964695779243 0.458583333333333 0.462359900350828 0.482624532863077 0.467999526783382
"BDE-112" 0.449845048198943 0.455410137847783 0.458583333333333 0.456757979369371 0.474009648839874 0.458445961141705
"BDE-113" 0.443178508601868 0.452171895144758 0.458583333333333 0.450867410138599 0.470512637037442 0.450162717957342
"BDE-114" 0.493243074997219 0.498205733986601 0.458583333333333 0.506069713870198 0.483636127079633 0.493000995226022
"BDE-115" 0.480400180671222 0.475272838417467 0.458583333333333 0.476818913666137 0.477757304491054 0.473126169729309
"BDE-116" 0.468960473179678 0.474775288764385 0.458583333333333 0.477832831345248 0.478359086026635 0.479289877668704
"BDE-117" 0.46834855471602 0.465517844465752 0.458583333333333 0.47437532403394 0.473181390726792 0.466255060016253
"BDE-118" 0.489802475681083 0.484877431586457 0.458583333333333 0.487104868286618 0.472417866774943 0.481472778885542
"BDE-119" 0.473733641074148 0.463181475378798 0.458583333333333 0.461100641959764 0.471107062371313 0.458994613718721
"BDE-120" 0.456050211083681 0.471259789231502 0.458583333333333 0.462274047819244 0.483025846376534 0.467431847343778
"BDE-121" 0.439798776083485 0.438076446389373 0.458583333333333 0.4352279125248 0.468077995361665 0.431773978651315
"BDE-122" 0.487156395221865 0.496183117146682 0.458583333333333 0.507137060157894 0.476919325544315 0.495874319756045
"BDE-123" 0.486515668602391 0.486619222406055 0.458583333333333 0.490337167295831 0.476491521450199 0.479887491011193
"BDE-124" 0.47154243635502 0.482847727691917 0.458583333333333 0.480334105300293 0.480828732465693 0.48435561629316
"BDE-125" 0.470965827019422 0.467831185017397 0.458583333333333 0.464787410831454 0.472227501501068 0.471930550544639
"BDE-126" 0.502523636411574 0.500416460333493 0.458583333333333 0.507425694021357 0.477833254025256 0.497292949604913
"BDE-127" 0.468953972207433 0.488236354391418 0.458583333333333 0.48490956010913 0.483815277036598 0.487712910314237
"BDE-128" 0.584710886768443 0.58026704679298 0.458583333333333 0.597225963324171 0.554299286286839 0.584766940088281
"BDE-129" 0.562190171599631 0.571155799826468 0.458583333333333 0.581607055454641 0.554515174327939 0.57488127179216
"BDE-130" 0.553393294081183 0.558970602035901 0.458583333333333 0.568491014834261 0.55377693193884 0.555271283415257
"BDE-131" 0.548373408509576 0.546744486900515 0.458583333333333 0.554851931322079 0.546615720632424 0.545926722067145
"BDE-132" 0.555373090251235 0.551422320375776 0.458583333333333 0.561907364054434 0.541230252049892 0.557243488602714
"BDE-133" 0.521953967798416 0.538781167592517 0.458583333333333 0.536008919840164 0.549551890953647 0.539500382781309
"BDE-134" 0.535408780588072 0.537976297062357 0.458583333333333 0.55478254456757 0.54154081321011 0.542559894777969
"BDE-135" 0.523751163575207 0.530136946521031 0.458583333333333 0.53685345094188 0.535759092437665 0.532142797145564
"BDE-136" 0.525365758958737 0.521472473029255 0.458583333333333 0.536771216626051 0.530586227857956 0.527906317079712
"BDE-137" 0.56191464576668 0.564954715797134 0.458583333333333 0.566225007655176 0.558670393664463 0.566566614285471
"BDE-138" 0.569036061103844 0.561929130015541 0.458583333333333 0.569356975905016 0.555336929515903 0.56125212110966
"BDE-139" 0.548341349867638 0.543606639325271 0.458583333333333 0.546660759053934 0.551040674738845 0.543021559137467
"BDE-140" 0.552419425317126 0.546719816911758 0.458583333333333 0.54882104530527 0.545458772681676 0.549735116797351
"BDE-141" 0.546393612339525 0.55432042873703 0.458583333333333 0.552790857222125 0.555062559113456 0.555934104263339
"BDE-142" 0.545849061645866 0.550994085373053 0.458583333333333 0.560370314215939 0.552691557574683 0.556661665903395
"BDE-143" 0.545451802217406 0.543901139400675 0.458583333333333 0.544157881224456 0.541858971242509 0.551767532555915
"BDE-144" 0.532637716047224 0.530870188521407 0.458583333333333 0.525088803812098 0.547799499896092 0.531537657490364
"BDE-145" 0.531452438734092 0.525047563878323 0.458583333333333 0.523160295401051 0.53829557959409 0.532512336689519
"BDE-146" 0.537779335214338 0.53817235621354 0.458583333333333 0.538877143188329 0.539704830820209 0.539987600232575
"BDE-147" 0.535559322339395 0.531979688276027 0.458583333333333 0.54546339846123 0.545434915740959 0.53425554396781
"BDE-148" 0.520919232236606 0.522994322162028 0.458583333333333 0.512940752699464 0.539413699143771 0.523850242450752
"BDE-149" 0.539759131384389 0.534034802812558 0.458583333333333 0.536817677933325 0.536839520484167 0.540090161917275
"BDE-150" 0.522716428013397 0.516013429049513 0.458583333333333 0.520558593376176 0.536569394768361 0.520337721759612
"BDE-151" 0.51967308812572 0.523112444948806 0.458583333333333 0.529088128060992 0.543817713646657 0.527703712326053
"BDE-152" 0.518244343621573 0.515001405452833 0.458583333333333 0.521080831708446 0.530564233312777 0.519559803216538
"BDE-153" 0.553361235439245 0.546323599436252 0.458583333333333 0.550000345589765 0.548544790530802 0.54665581077568
"BDE-154" 0.536744599652527 0.525945011811449 0.458583333333333 0.518639217625929 0.536118354067897 0.528822159641485
"BDE-155" 0.519945363472549 0.506581740386783 0.458583333333333 0.50196617432243 0.535232784070948 0.513595747942886
"BDE-156" 0.578531281553397 0.571627905734462 0.458583333333333 0.58107742218375 0.5543038926374 0.569961865823582
"BDE-157" 0.582609357002884 0.576745067379888 0.458583333333333 0.582577829723947 0.553625629892382 0.574058201383928
"BDE-158" 0.565140586047617 0.552041714491676 0.458583333333333 0.553839458393995 0.548777820446791 0.550105869535609
"BDE-159" 0.54435294937172 0.558013674836916 0.458583333333333 0.555487410525749 0.557881160388926 0.552425595699579
"BDE-160" 0.547095205756752 0.549922593859672 0.458583333333333 0.554573859295813 0.551773522163753 0.549702219599379
"BDE-161" 0.53077965347268 0.531490698113972 0.458583333333333 0.525197035739505 0.549458054953474 0.526457910810794
"BDE-162" 0.551474364708885 0.556883462898693 0.458583333333333 0.55918843875581 0.551829012089402 0.556637813801314
"BDE-163" 0.552541158912633 0.542376533463191 0.458583333333333 0.554527427768849 0.543046526609518 0.544692370467554
"BDE-164" 0.553697628069951 0.548187670638958 0.458583333333333 0.561599294812193 0.546770800665061 0.552176990057257
"BDE-165" 0.51805849274219 0.523679124812218 0.458583333333333 0.524686008028539 0.545592333460626 0.525152287452447
"BDE-166" 0.56559871227383 0.557219699607564 0.458583333333333 0.572187494617305 0.55436977843037 0.559582049688422
"BDE-167" 0.566873664540532 0.560387980734401 0.458583333333333 0.558845433914768 0.550941333355021 0.557939071337858
"BDE-168" 0.550500495944829 0.537479946090977 0.458583333333333 0.534317671083551 0.548452702546069 0.534914456550716
"BDE-169" 0.580264360046311 0.578877498500923 0.458583333333333 0.582351289267957 0.559950777394711 0.581660347811893
"BDE-170" 0.64235885811394 0.650510687814602 0.458583333333333 0.65182412454316 0.629331481689394 0.656240865630831
"BDE-171" 0.628237761035118 0.630149786875078 0.458583333333333 0.639001086934021 0.621720729201854 0.632779913802276
"BDE-172" 0.610493464246899 0.627117450296433 0.458583333333333 0.628124658713634 0.627464021856847 0.628823675503336
"BDE-173" 0.617739863665693 0.629693012719161 0.458583333333333 0.639501567323593 0.624189191671748 0.635809896301423
"BDE-174" 0.612229793225935 0.617835641394156 0.458583333333333 0.620268322410567 0.612827684210898 0.623416295620856
"BDE-175" 0.596250633572569 0.605535238903479 0.458583333333333 0.59982613711018 0.620222025013594 0.605371844044003
"BDE-176" 0.597743495360592 0.601433400837849 0.458583333333333 0.59838852625517 0.609921089636357 0.607305283865521
"BDE-177" 0.614907932327091 0.619160094373571 0.458583333333333 0.635069459590004 0.615779510653146 0.626435939586796
"BDE-178" 0.582799071269036 0.598216994787306 0.458583333333333 0.600969078619631 0.614626258036901 0.603274154996673
"BDE-179" 0.584109332663798 0.593917085430104 0.458583333333333 0.594549371934103 0.604294912044154 0.599064593493051
"BDE-180" 0.626440565258327 0.632574060477679 0.458583333333333 0.622066971524828 0.629697304649523 0.635343823401968
"BDE-181" 0.617829538619261 0.622154516093405 0.458583333333333 0.635099426381339 0.625264873114753 0.626786317127142
"BDE-182" 0.609519595482842 0.613704617730756 0.458583333333333 0.606801509775867 0.618521269443763 0.618070755531041
"BDE-183" 0.612380334977258 0.609814688796284 0.458583333333333 0.601820651857319 0.622156126601281 0.613796549756636
"BDE-184" 0.595215898010759 0.595836505178561 0.458583333333333 0.588461452729691 0.615943454719193 0.60143998949263
"BDE-185" 0.601760704012326 0.611567047140103 0.458583333333333 0.609752968740439 0.62331794031183 0.617623313997186
"BDE-186" 0.600453693103686 0.605404930696496 0.458583333333333 0.607893138521565 0.612783395508707 0.615457310435121
"BDE-187" 0.599050506269232 0.602916819399314 0.458583333333333 0.604172155744559 0.61872021085464 0.609787796721807
"BDE-188" 0.581764335707225 0.586950741669953 0.458583333333333 0.583254038096233 0.609188757340875 0.589919731903292
"BDE-189" 0.640561662337149 0.648625329991167 0.458583333333333 0.647778250089397 0.634716760504012 0.652364411361804
"BDE-190" 0.634933108788008 0.630554069274769 0.458583333333333 0.639661205642895 0.622060498774046 0.632485405845508
"BDE-191" 0.626623165651588 0.623164976433005 0.458583333333333 0.621403243953779 0.623778432072325 0.625513822807956
"BDE-192" 0.600267842224303 0.612292730036872 0.458583333333333 0.611907132170971 0.625839931400941 0.613277020503585
"BDE-193" 0.613475937336822 0.61560176009272 0.458583333333333 0.61431662155867 0.618503443028443 0.622214336622484
"BDE-194" 0.721595643475032 0.710971501747088 0.458583333333333 0.709069617741355 0.699945266319326 0.717514397241005
"BDE-195" 0.719558230993349 0.704992173864755 0.458583333333333 0.726537391537616 0.693599048542435 0.714057778225118
"BDE-196" 0.707048478811935 0.693506143461367 0.458583333333333 0.687899989486484 0.688854052444629 0.700750958038208
"BDE-197" 0.692318713755578 0.676716184242738 0.458583333333333 0.670961126393963 0.685269851095878 0.684357553365183
"BDE-198" 0.687084169148772 0.683942814719208 0.458583333333333 0.682565796711424 0.69315850494939 0.689281159100223
"BDE-199" 0.693292582519634 0.686276387668979 0.458583333333333 0.675728405223809 0.688202396330147 0.694890476125403
"BDE-200" 0.688333563745782 0.678271336846857 0.458583333333333 0.678600079109684 0.682084289420796 0.687212844017584
"BDE-201" 0.678441083867769 0.670689841125359 0.458583333333333 0.665248345775622 0.685566577240613 0.678420103227691
"BDE-202" 0.664380853586701 0.660394035161855 0.458583333333333 0.659790648636355 0.679409925524295 0.671890087248753
"BDE-203" 0.703457337744476 0.687859693285444 0.458583333333333 0.68273810508074 0.695567647125622 0.696393502680153
"BDE-204" 0.686110300384716 0.673673512320886 0.458583333333333 0.670158578019042 0.689446046513171 0.681241684909271
"BDE-205" 0.718187102800834 0.699970403397835 0.458583333333333 0.702950330562313 0.695709564147729 0.707415153168521
"BDE-206" 0.804151294556738 0.769077215910012 0.458583333333333 0.786812244265093 0.765035274755351 0.782247985710361
"BDE-207" 0.789056328713859 0.751106196822009 0.458583333333333 0.748638079112287 0.75661839580709 0.761348733270119
"BDE-208" 0.774752631241776 0.745081313020237 0.458583333333333 0.757400517456727 0.755258098583994 0.757277653435473
"BDE-209" 0.920289171046456 0.821788703044584 0.458583333333333 0.84699928061286 0.83005623610938 0.84088303322122
